auc: 0.6904761904761906
acc: 0.7564102564102564
