auc: 0.9742410136198443
acc: 0.8310435545162234
